ITC run 2 C4C1ImCCN3 in C4C1ImOAc
ampoule: 0.0037 0.0            # n1c n2c (mol)
dispenser: 0.0 1.0 4.4975 5.0  # x1d x2d rhod(mol/L) vol(muL)
180.51                         # Q/mJ
185.45
181.37
181.54
183.55
184.26
183.26
196.65
196.3
194.9
188.1
184.58
179.64
178.77
176.77
174.00
170.02
167.63
165.73
163.32
160.15
158.56
156.99
154.52
151.45
150.22
148.38
145.65
143.29
142.04
140.43
138.73
137.44
135.28
133.18
131.47
130.86
129.85
128.53
127.04
125.18
124.42
123.74
121.84
120.56
119.7
118.57
117.32
115.41
114.81
113.9
112.37
111.35
110.71
109.02