ITC run 1 C4C1ImCCN3 in C4C1ImOAc
ampoule: 0.0037 0.0            # n1c n2c (mol)
dispenser: 0.0 1.0 4.4975 5.0  # x1d x2d rhod(mol/L) vol(muL)
182.85                         # Q/mJ
183.93
174.64
174.18
180.39
174.44
173.78
169.81
167.29
169.08
165.85
162.41
165.87
162.65
157.96
162.69
156.97
158.67
157.01
147.74
152.25
144.67
148.7
146.18
145.00
143.81
143.34
142.67
142.13
141.02
139.08
139.26
137.51
136.67
134.48
133.26
134.59
127.63
129.03
126.81
126.4
125.34
124.16
122.61
121.19
123.81
116.35
118.64
116.34
115.72
