ITC run 4 C4C1ImCCN3 in mix 0.5 C4C1ImCCN3
ampoule: 0.0018 0.0018         # n1c n2c (mol)
dispenser: 0.0 1.0 4.4975 5.0  # x1d x2d rhod(mol/L) vol(muL)
39.07                          # Q/mJ
38.37
38.55
38.49
36.69
36.35
35.9
35.47
34.89
34.25
33.74
33.6
31.89
31.83
31.65
31.16
30.48
30.35
29.53
29.67
29.03
27.72
27.81
27.5
27.28
26.43
26.04
25.44
25.2
24.93
24.69
24.14
24.02
23.73
23.38
22.65
22.58
22.3
21.86
21.3
21.18
20.92
20.7
20.46
20.1
19.84
19.72
19.6
19.03
18.82
