ITC run 3 C4C1ImCCN3 in mix 0.5 C4C1ImCCN3
ampoule: 0.0018 0.0018         # n1c n2c (mol)
dispenser: 0.0 1.0 4.4975 5.0  # x1d x2d rhod(mol/L) vol(muL)
39.4                           # Q/mJ
39.49
38.03
38.12
37.47
36.83
36.16
35.9
35.04
34.25
33.44
33.01
32.74
32.07
31.43
30.93
30.15
29.89
29.48
28.78
28.57
28.14
27.71
27.26
26.81
26.24
25.9
25.57
25.26
24.76
24.51
24.16
23.73
23.45
23.2
22.87
22.54
22.09
21.78
21.6
21.3
21.02
20.73
20.4
20.16
19.96
19.65
19.36
19.05
18.83
