# n1c/mol     n2c/mol      n1d/mmol     n2d/mmol     Q/J
 3.70000e-03  0.00000e+00  0.00000e+00  2.24875e-02  1.82850e-01
 3.70000e-03  2.24875e-05  0.00000e+00  2.24875e-02  1.83930e-01
 3.70000e-03  4.49750e-05  0.00000e+00  2.24875e-02  1.74640e-01
 3.70000e-03  6.74625e-05  0.00000e+00  2.24875e-02  1.74180e-01
 3.70000e-03  8.99500e-05  0.00000e+00  2.24875e-02  1.80390e-01
 3.70000e-03  1.12437e-04  0.00000e+00  2.24875e-02  1.74440e-01
 3.70000e-03  1.34925e-04  0.00000e+00  2.24875e-02  1.73780e-01
 3.70000e-03  1.57412e-04  0.00000e+00  2.24875e-02  1.69810e-01
 3.70000e-03  1.79900e-04  0.00000e+00  2.24875e-02  1.67290e-01
 3.70000e-03  2.02387e-04  0.00000e+00  2.24875e-02  1.69080e-01
 3.70000e-03  2.24875e-04  0.00000e+00  2.24875e-02  1.65850e-01
 3.70000e-03  2.47362e-04  0.00000e+00  2.24875e-02  1.62410e-01
 3.70000e-03  2.69850e-04  0.00000e+00  2.24875e-02  1.65870e-01
 3.70000e-03  2.92337e-04  0.00000e+00  2.24875e-02  1.62650e-01
 3.70000e-03  3.14825e-04  0.00000e+00  2.24875e-02  1.57960e-01
 3.70000e-03  3.37313e-04  0.00000e+00  2.24875e-02  1.62690e-01
 3.70000e-03  3.59800e-04  0.00000e+00  2.24875e-02  1.56970e-01
 3.70000e-03  3.82288e-04  0.00000e+00  2.24875e-02  1.58670e-01
 3.70000e-03  4.04775e-04  0.00000e+00  2.24875e-02  1.57010e-01
 3.70000e-03  4.27263e-04  0.00000e+00  2.24875e-02  1.47740e-01
 3.70000e-03  4.49750e-04  0.00000e+00  2.24875e-02  1.52250e-01
 3.70000e-03  4.72238e-04  0.00000e+00  2.24875e-02  1.44670e-01
 3.70000e-03  4.94725e-04  0.00000e+00  2.24875e-02  1.48700e-01
 3.70000e-03  5.17213e-04  0.00000e+00  2.24875e-02  1.46180e-01
 3.70000e-03  5.39700e-04  0.00000e+00  2.24875e-02  1.45000e-01
 3.70000e-03  5.62188e-04  0.00000e+00  2.24875e-02  1.43810e-01
 3.70000e-03  5.84675e-04  0.00000e+00  2.24875e-02  1.43340e-01
 3.70000e-03  6.07163e-04  0.00000e+00  2.24875e-02  1.42670e-01
 3.70000e-03  6.29650e-04  0.00000e+00  2.24875e-02  1.42130e-01
 3.70000e-03  6.52138e-04  0.00000e+00  2.24875e-02  1.41020e-01
 3.70000e-03  6.74625e-04  0.00000e+00  2.24875e-02  1.39080e-01
 3.70000e-03  6.97113e-04  0.00000e+00  2.24875e-02  1.39260e-01
 3.70000e-03  7.19600e-04  0.00000e+00  2.24875e-02  1.37510e-01
 3.70000e-03  7.42088e-04  0.00000e+00  2.24875e-02  1.36670e-01
 3.70000e-03  7.64575e-04  0.00000e+00  2.24875e-02  1.34480e-01
 3.70000e-03  7.87063e-04  0.00000e+00  2.24875e-02  1.33260e-01
 3.70000e-03  8.09550e-04  0.00000e+00  2.24875e-02  1.34590e-01
 3.70000e-03  8.32038e-04  0.00000e+00  2.24875e-02  1.27630e-01
 3.70000e-03  8.54525e-04  0.00000e+00  2.24875e-02  1.29030e-01
 3.70000e-03  8.77013e-04  0.00000e+00  2.24875e-02  1.26810e-01
 3.70000e-03  8.99500e-04  0.00000e+00  2.24875e-02  1.26400e-01
 3.70000e-03  9.21988e-04  0.00000e+00  2.24875e-02  1.25340e-01
 3.70000e-03  9.44475e-04  0.00000e+00  2.24875e-02  1.24160e-01
 3.70000e-03  9.66963e-04  0.00000e+00  2.24875e-02  1.22610e-01
 3.70000e-03  9.89450e-04  0.00000e+00  2.24875e-02  1.21190e-01
 3.70000e-03  1.01194e-03  0.00000e+00  2.24875e-02  1.23810e-01
 3.70000e-03  1.03443e-03  0.00000e+00  2.24875e-02  1.16350e-01
 3.70000e-03  1.05691e-03  0.00000e+00  2.24875e-02  1.18640e-01
 3.70000e-03  1.07940e-03  0.00000e+00  2.24875e-02  1.16340e-01
 3.70000e-03  1.10189e-03  0.00000e+00  2.24875e-02  1.15720e-01
 3.70000e-03  0.00000e+00  0.00000e+00  2.24875e-02  1.80510e-01
 3.70000e-03  2.24875e-05  0.00000e+00  2.24875e-02  1.85450e-01
 3.70000e-03  4.49750e-05  0.00000e+00  2.24875e-02  1.81370e-01
 3.70000e-03  6.74625e-05  0.00000e+00  2.24875e-02  1.81540e-01
 3.70000e-03  8.99500e-05  0.00000e+00  2.24875e-02  1.83550e-01
 3.70000e-03  1.12437e-04  0.00000e+00  2.24875e-02  1.84260e-01
 3.70000e-03  1.34925e-04  0.00000e+00  2.24875e-02  1.83260e-01
 3.70000e-03  1.57412e-04  0.00000e+00  2.24875e-02  1.96650e-01
 3.70000e-03  1.79900e-04  0.00000e+00  2.24875e-02  1.96300e-01
 3.70000e-03  2.02387e-04  0.00000e+00  2.24875e-02  1.94900e-01
 3.70000e-03  2.24875e-04  0.00000e+00  2.24875e-02  1.88100e-01
 3.70000e-03  2.47362e-04  0.00000e+00  2.24875e-02  1.84580e-01
 3.70000e-03  2.69850e-04  0.00000e+00  2.24875e-02  1.79640e-01
 3.70000e-03  2.92337e-04  0.00000e+00  2.24875e-02  1.78770e-01
 3.70000e-03  3.14825e-04  0.00000e+00  2.24875e-02  1.76770e-01
 3.70000e-03  3.37313e-04  0.00000e+00  2.24875e-02  1.74000e-01
 3.70000e-03  3.59800e-04  0.00000e+00  2.24875e-02  1.70020e-01
 3.70000e-03  3.82288e-04  0.00000e+00  2.24875e-02  1.67630e-01
 3.70000e-03  4.04775e-04  0.00000e+00  2.24875e-02  1.65730e-01
 3.70000e-03  4.27263e-04  0.00000e+00  2.24875e-02  1.63320e-01
 3.70000e-03  4.49750e-04  0.00000e+00  2.24875e-02  1.60150e-01
 3.70000e-03  4.72238e-04  0.00000e+00  2.24875e-02  1.58560e-01
 3.70000e-03  4.94725e-04  0.00000e+00  2.24875e-02  1.56990e-01
 3.70000e-03  5.17213e-04  0.00000e+00  2.24875e-02  1.54520e-01
 3.70000e-03  5.39700e-04  0.00000e+00  2.24875e-02  1.51450e-01
 3.70000e-03  5.62188e-04  0.00000e+00  2.24875e-02  1.50220e-01
 3.70000e-03  5.84675e-04  0.00000e+00  2.24875e-02  1.48380e-01
 3.70000e-03  6.07163e-04  0.00000e+00  2.24875e-02  1.45650e-01
 3.70000e-03  6.29650e-04  0.00000e+00  2.24875e-02  1.43290e-01
 3.70000e-03  6.52138e-04  0.00000e+00  2.24875e-02  1.42040e-01
 3.70000e-03  6.74625e-04  0.00000e+00  2.24875e-02  1.40430e-01
 3.70000e-03  6.97113e-04  0.00000e+00  2.24875e-02  1.38730e-01
 3.70000e-03  7.19600e-04  0.00000e+00  2.24875e-02  1.37440e-01
 3.70000e-03  7.42088e-04  0.00000e+00  2.24875e-02  1.35280e-01
 3.70000e-03  7.64575e-04  0.00000e+00  2.24875e-02  1.33180e-01
 3.70000e-03  7.87063e-04  0.00000e+00  2.24875e-02  1.31470e-01
 3.70000e-03  8.09550e-04  0.00000e+00  2.24875e-02  1.30860e-01
 3.70000e-03  8.32038e-04  0.00000e+00  2.24875e-02  1.29850e-01
 3.70000e-03  8.54525e-04  0.00000e+00  2.24875e-02  1.28530e-01
 3.70000e-03  8.77013e-04  0.00000e+00  2.24875e-02  1.27040e-01
 3.70000e-03  8.99500e-04  0.00000e+00  2.24875e-02  1.25180e-01
 3.70000e-03  9.21988e-04  0.00000e+00  2.24875e-02  1.24420e-01
 3.70000e-03  9.44475e-04  0.00000e+00  2.24875e-02  1.23740e-01
 3.70000e-03  9.66963e-04  0.00000e+00  2.24875e-02  1.21840e-01
 3.70000e-03  9.89450e-04  0.00000e+00  2.24875e-02  1.20560e-01
 3.70000e-03  1.01194e-03  0.00000e+00  2.24875e-02  1.19700e-01
 3.70000e-03  1.03443e-03  0.00000e+00  2.24875e-02  1.18570e-01
 3.70000e-03  1.05691e-03  0.00000e+00  2.24875e-02  1.17320e-01
 3.70000e-03  1.07940e-03  0.00000e+00  2.24875e-02  1.15410e-01
 3.70000e-03  1.10189e-03  0.00000e+00  2.24875e-02  1.14810e-01
 3.70000e-03  1.12438e-03  0.00000e+00  2.24875e-02  1.13900e-01
 3.70000e-03  1.14686e-03  0.00000e+00  2.24875e-02  1.12370e-01
 3.70000e-03  1.16935e-03  0.00000e+00  2.24875e-02  1.11350e-01
 3.70000e-03  1.19184e-03  0.00000e+00  2.24875e-02  1.10710e-01
 3.70000e-03  1.21433e-03  0.00000e+00  2.24875e-02  1.09020e-01
 1.80000e-03  1.80000e-03  0.00000e+00  2.24875e-02  3.94000e-02
 1.80000e-03  1.82249e-03  0.00000e+00  2.24875e-02  3.94900e-02
 1.80000e-03  1.84498e-03  0.00000e+00  2.24875e-02  3.80300e-02
 1.80000e-03  1.86746e-03  0.00000e+00  2.24875e-02  3.81200e-02
 1.80000e-03  1.88995e-03  0.00000e+00  2.24875e-02  3.74700e-02
 1.80000e-03  1.91244e-03  0.00000e+00  2.24875e-02  3.68300e-02
 1.80000e-03  1.93493e-03  0.00000e+00  2.24875e-02  3.61600e-02
 1.80000e-03  1.95741e-03  0.00000e+00  2.24875e-02  3.59000e-02
 1.80000e-03  1.97990e-03  0.00000e+00  2.24875e-02  3.50400e-02
 1.80000e-03  2.00239e-03  0.00000e+00  2.24875e-02  3.42500e-02
 1.80000e-03  2.02488e-03  0.00000e+00  2.24875e-02  3.34400e-02
 1.80000e-03  2.04736e-03  0.00000e+00  2.24875e-02  3.30100e-02
 1.80000e-03  2.06985e-03  0.00000e+00  2.24875e-02  3.27400e-02
 1.80000e-03  2.09234e-03  0.00000e+00  2.24875e-02  3.20700e-02
 1.80000e-03  2.11483e-03  0.00000e+00  2.24875e-02  3.14300e-02
 1.80000e-03  2.13731e-03  0.00000e+00  2.24875e-02  3.09300e-02
 1.80000e-03  2.15980e-03  0.00000e+00  2.24875e-02  3.01500e-02
 1.80000e-03  2.18229e-03  0.00000e+00  2.24875e-02  2.98900e-02
 1.80000e-03  2.20478e-03  0.00000e+00  2.24875e-02  2.94800e-02
 1.80000e-03  2.22726e-03  0.00000e+00  2.24875e-02  2.87800e-02
 1.80000e-03  2.24975e-03  0.00000e+00  2.24875e-02  2.85700e-02
 1.80000e-03  2.27224e-03  0.00000e+00  2.24875e-02  2.81400e-02
 1.80000e-03  2.29473e-03  0.00000e+00  2.24875e-02  2.77100e-02
 1.80000e-03  2.31721e-03  0.00000e+00  2.24875e-02  2.72600e-02
 1.80000e-03  2.33970e-03  0.00000e+00  2.24875e-02  2.68100e-02
 1.80000e-03  2.36219e-03  0.00000e+00  2.24875e-02  2.62400e-02
 1.80000e-03  2.38468e-03  0.00000e+00  2.24875e-02  2.59000e-02
 1.80000e-03  2.40716e-03  0.00000e+00  2.24875e-02  2.55700e-02
 1.80000e-03  2.42965e-03  0.00000e+00  2.24875e-02  2.52600e-02
 1.80000e-03  2.45214e-03  0.00000e+00  2.24875e-02  2.47600e-02
 1.80000e-03  2.47463e-03  0.00000e+00  2.24875e-02  2.45100e-02
 1.80000e-03  2.49711e-03  0.00000e+00  2.24875e-02  2.41600e-02
 1.80000e-03  2.51960e-03  0.00000e+00  2.24875e-02  2.37300e-02
 1.80000e-03  2.54209e-03  0.00000e+00  2.24875e-02  2.34500e-02
 1.80000e-03  2.56458e-03  0.00000e+00  2.24875e-02  2.32000e-02
 1.80000e-03  2.58706e-03  0.00000e+00  2.24875e-02  2.28700e-02
 1.80000e-03  2.60955e-03  0.00000e+00  2.24875e-02  2.25400e-02
 1.80000e-03  2.63204e-03  0.00000e+00  2.24875e-02  2.20900e-02
 1.80000e-03  2.65453e-03  0.00000e+00  2.24875e-02  2.17800e-02
 1.80000e-03  2.67701e-03  0.00000e+00  2.24875e-02  2.16000e-02
 1.80000e-03  2.69950e-03  0.00000e+00  2.24875e-02  2.13000e-02
 1.80000e-03  2.72199e-03  0.00000e+00  2.24875e-02  2.10200e-02
 1.80000e-03  2.74448e-03  0.00000e+00  2.24875e-02  2.07300e-02
 1.80000e-03  2.76696e-03  0.00000e+00  2.24875e-02  2.04000e-02
 1.80000e-03  2.78945e-03  0.00000e+00  2.24875e-02  2.01600e-02
 1.80000e-03  2.81194e-03  0.00000e+00  2.24875e-02  1.99600e-02
 1.80000e-03  2.83443e-03  0.00000e+00  2.24875e-02  1.96500e-02
 1.80000e-03  2.85691e-03  0.00000e+00  2.24875e-02  1.93600e-02
 1.80000e-03  2.87940e-03  0.00000e+00  2.24875e-02  1.90500e-02
 1.80000e-03  2.90189e-03  0.00000e+00  2.24875e-02  1.88300e-02
 1.80000e-03  1.80000e-03  0.00000e+00  2.24875e-02  3.90700e-02
 1.80000e-03  1.82249e-03  0.00000e+00  2.24875e-02  3.83700e-02
 1.80000e-03  1.84498e-03  0.00000e+00  2.24875e-02  3.85500e-02
 1.80000e-03  1.86746e-03  0.00000e+00  2.24875e-02  3.84900e-02
 1.80000e-03  1.88995e-03  0.00000e+00  2.24875e-02  3.66900e-02
 1.80000e-03  1.91244e-03  0.00000e+00  2.24875e-02  3.63500e-02
 1.80000e-03  1.93493e-03  0.00000e+00  2.24875e-02  3.59000e-02
 1.80000e-03  1.95741e-03  0.00000e+00  2.24875e-02  3.54700e-02
 1.80000e-03  1.97990e-03  0.00000e+00  2.24875e-02  3.48900e-02
 1.80000e-03  2.00239e-03  0.00000e+00  2.24875e-02  3.42500e-02
 1.80000e-03  2.02488e-03  0.00000e+00  2.24875e-02  3.37400e-02
 1.80000e-03  2.04736e-03  0.00000e+00  2.24875e-02  3.36000e-02
 1.80000e-03  2.06985e-03  0.00000e+00  2.24875e-02  3.18900e-02
 1.80000e-03  2.09234e-03  0.00000e+00  2.24875e-02  3.18300e-02
 1.80000e-03  2.11483e-03  0.00000e+00  2.24875e-02  3.16500e-02
 1.80000e-03  2.13731e-03  0.00000e+00  2.24875e-02  3.11600e-02
 1.80000e-03  2.15980e-03  0.00000e+00  2.24875e-02  3.04800e-02
 1.80000e-03  2.18229e-03  0.00000e+00  2.24875e-02  3.03500e-02
 1.80000e-03  2.20478e-03  0.00000e+00  2.24875e-02  2.95300e-02
 1.80000e-03  2.22726e-03  0.00000e+00  2.24875e-02  2.96700e-02
 1.80000e-03  2.24975e-03  0.00000e+00  2.24875e-02  2.90300e-02
 1.80000e-03  2.27224e-03  0.00000e+00  2.24875e-02  2.77200e-02
 1.80000e-03  2.29473e-03  0.00000e+00  2.24875e-02  2.78100e-02
 1.80000e-03  2.31721e-03  0.00000e+00  2.24875e-02  2.75000e-02
 1.80000e-03  2.33970e-03  0.00000e+00  2.24875e-02  2.72800e-02
 1.80000e-03  2.36219e-03  0.00000e+00  2.24875e-02  2.64300e-02
 1.80000e-03  2.38468e-03  0.00000e+00  2.24875e-02  2.60400e-02
 1.80000e-03  2.40716e-03  0.00000e+00  2.24875e-02  2.54400e-02
 1.80000e-03  2.42965e-03  0.00000e+00  2.24875e-02  2.52000e-02
 1.80000e-03  2.45214e-03  0.00000e+00  2.24875e-02  2.49300e-02
 1.80000e-03  2.47463e-03  0.00000e+00  2.24875e-02  2.46900e-02
 1.80000e-03  2.49711e-03  0.00000e+00  2.24875e-02  2.41400e-02
 1.80000e-03  2.51960e-03  0.00000e+00  2.24875e-02  2.40200e-02
 1.80000e-03  2.54209e-03  0.00000e+00  2.24875e-02  2.37300e-02
 1.80000e-03  2.56458e-03  0.00000e+00  2.24875e-02  2.33800e-02
 1.80000e-03  2.58706e-03  0.00000e+00  2.24875e-02  2.26500e-02
 1.80000e-03  2.60955e-03  0.00000e+00  2.24875e-02  2.25800e-02
 1.80000e-03  2.63204e-03  0.00000e+00  2.24875e-02  2.23000e-02
 1.80000e-03  2.65453e-03  0.00000e+00  2.24875e-02  2.18600e-02
 1.80000e-03  2.67701e-03  0.00000e+00  2.24875e-02  2.13000e-02
 1.80000e-03  2.69950e-03  0.00000e+00  2.24875e-02  2.11800e-02
 1.80000e-03  2.72199e-03  0.00000e+00  2.24875e-02  2.09200e-02
 1.80000e-03  2.74448e-03  0.00000e+00  2.24875e-02  2.07000e-02
 1.80000e-03  2.76696e-03  0.00000e+00  2.24875e-02  2.04600e-02
 1.80000e-03  2.78945e-03  0.00000e+00  2.24875e-02  2.01000e-02
 1.80000e-03  2.81194e-03  0.00000e+00  2.24875e-02  1.98400e-02
 1.80000e-03  2.83443e-03  0.00000e+00  2.24875e-02  1.97200e-02
 1.80000e-03  2.85691e-03  0.00000e+00  2.24875e-02  1.96000e-02
 1.80000e-03  2.87940e-03  0.00000e+00  2.24875e-02  1.90300e-02
 1.80000e-03  2.90189e-03  0.00000e+00  2.24875e-02  1.88200e-02
 7.00000e-04  2.80000e-03  0.00000e+00  2.24875e-02  4.03000e-03
 7.00000e-04  2.82249e-03  0.00000e+00  2.24875e-02  4.05000e-03
 7.00000e-04  2.84498e-03  0.00000e+00  2.24875e-02  4.26000e-03
 7.00000e-04  2.86746e-03  0.00000e+00  2.24875e-02  4.13000e-03
 7.00000e-04  2.88995e-03  0.00000e+00  2.24875e-02  3.95000e-03
 7.00000e-04  2.91244e-03  0.00000e+00  2.24875e-02  3.91000e-03
 7.00000e-04  2.93493e-03  0.00000e+00  2.24875e-02  3.89000e-03
 7.00000e-04  2.95741e-03  0.00000e+00  2.24875e-02  3.83000e-03
 7.00000e-04  2.97990e-03  0.00000e+00  2.24875e-02  3.75000e-03
 7.00000e-04  3.00239e-03  0.00000e+00  2.24875e-02  3.64000e-03
 7.00000e-04  3.02488e-03  0.00000e+00  2.24875e-02  3.69000e-03
 7.00000e-04  3.04736e-03  0.00000e+00  2.24875e-02  3.60000e-03
 7.00000e-04  3.06985e-03  0.00000e+00  2.24875e-02  3.53000e-03
 7.00000e-04  3.09234e-03  0.00000e+00  2.24875e-02  3.50000e-03
 7.00000e-04  3.11483e-03  0.00000e+00  2.24875e-02  3.63000e-03
 7.00000e-04  3.13731e-03  0.00000e+00  2.24875e-02  3.44000e-03
 7.00000e-04  3.15980e-03  0.00000e+00  2.24875e-02  3.44000e-03
 7.00000e-04  3.18229e-03  0.00000e+00  2.24875e-02  3.40000e-03
 7.00000e-04  3.20478e-03  0.00000e+00  2.24875e-02  3.41000e-03
 7.00000e-04  3.22726e-03  0.00000e+00  2.24875e-02  3.37000e-03
 7.00000e-04  3.24975e-03  0.00000e+00  2.24875e-02  3.34000e-03
 7.00000e-04  3.27224e-03  0.00000e+00  2.24875e-02  3.32000e-03
 7.00000e-04  3.29473e-03  0.00000e+00  2.24875e-02  3.34000e-03
 7.00000e-04  3.31721e-03  0.00000e+00  2.24875e-02  3.26000e-03
 7.00000e-04  3.33970e-03  0.00000e+00  2.24875e-02  3.27000e-03
 7.00000e-04  3.36219e-03  0.00000e+00  2.24875e-02  3.23000e-03
 7.00000e-04  3.38468e-03  0.00000e+00  2.24875e-02  3.28000e-03
 7.00000e-04  3.40716e-03  0.00000e+00  2.24875e-02  3.30000e-03
 7.00000e-04  3.42965e-03  0.00000e+00  2.24875e-02  3.28000e-03
 7.00000e-04  3.45214e-03  0.00000e+00  2.24875e-02  3.28000e-03
 7.00000e-04  3.47463e-03  0.00000e+00  2.24875e-02  3.27000e-03
 7.00000e-04  3.49711e-03  0.00000e+00  2.24875e-02  3.27000e-03
 7.00000e-04  3.51960e-03  0.00000e+00  2.24875e-02  3.18000e-03
 7.00000e-04  3.54209e-03  0.00000e+00  2.24875e-02  3.21000e-03
 7.00000e-04  3.56458e-03  0.00000e+00  2.24875e-02  3.13000e-03
 7.00000e-04  3.58706e-03  0.00000e+00  2.24875e-02  3.15000e-03
 7.00000e-04  3.60955e-03  0.00000e+00  2.24875e-02  3.06000e-03
 7.00000e-04  3.63204e-03  0.00000e+00  2.24875e-02  3.08000e-03
 7.00000e-04  3.65453e-03  0.00000e+00  2.24875e-02  3.07000e-03
 7.00000e-04  3.67701e-03  0.00000e+00  2.24875e-02  3.00000e-03
 7.00000e-04  3.69950e-03  0.00000e+00  2.24875e-02  2.97000e-03
 7.00000e-04  3.72199e-03  0.00000e+00  2.24875e-02  2.99000e-03
 7.00000e-04  3.74448e-03  0.00000e+00  2.24875e-02  2.97000e-03
 7.00000e-04  3.76696e-03  0.00000e+00  2.24875e-02  2.89000e-03
 7.00000e-04  3.78945e-03  0.00000e+00  2.24875e-02  2.88000e-03
 7.00000e-04  3.81194e-03  0.00000e+00  2.24875e-02  2.85000e-03
